1.208728350000000000e+08
1.512315100000000000e+07
1.018033000000000000e+06
9.531700000000000000e+04
2.508595028700000000e+10
5.947286306000000000e+09
1.076283130000000000e+08
7.527810090000000000e+08
6.958206600000000000e+07
2.494595600000000000e+07
4.300511500000000000e+07
1.474187500000000000e+07
1.213826000000000000e+06
1.946347000000000000e+06
2.261900000000000000e+05
4.022834710465000000e+12
1.513521255804000000e+12
7.889748282900000000e+10
2.716147669860000000e+11
2.482716422900000000e+10
1.682113874300000000e+10
2.967811396800000000e+10
9.924127487000000000e+09
8.087453570000000000e+08
1.291066137000000000e+09
1.513560180000000000e+08
8.643009972000000000e+09
7.797180380000000000e+08
6.255983960000000000e+08
2.450361626000000000e+09
1.488475058000000000e+09
5.269573960000000000e+08
4.731268050000000000e+08
6.144677050000000000e+08
2.318367960000000000e+08
2.628994100000000000e+07
4.058559200000000000e+07
1.515107420000000000e+08
2.088117010000000000e+08
5.544864300000000000e+07
5.689778000000000000e+06
9.843053000000000000e+06
3.956373000000000000e+07
4.122669200000000000e+07
8.966256000000000000e+06
2.680842000000000000e+06
1.367793600000000000e+07
2.490493000000000000e+06
3.365580000000000000e+05
