24 30
12 1
17 7
14 4
13 4
2 22
1 6
1 11
33 30
34 29
33 3
6 7
11 5
26 32
7 6
21 34
25 26
14 1
29 34
3 2
34 19
8 2
15 34
5 11
9 3
7 5
33 24
14 2
33 34
1 12
33 23
32 25
3 1
34 20
15 33
19 34
33 9
31 2
27 34
34 14
26 24
2 18
9 34
2 1
3 28
24 33
5 1
19 33
10 3
30 27
17 6
24 28
1 5
1 20
14 34
4 1
34 32
34 9
7 1
6 11
21 33
3 33
23 34
31 34
32 29
28 24
34 16
8 3
34 31
28 25
6 1
5 7
34 10
7 17
14 3
33 31
31 33
1 3
32 26
4 8
2 8
34 21
25 32
34 15
6 17
18 1
34 28
32 33
30 33
9 33
3 10
1 14
4 13
24 34
29 3
1 32
30 24
18 2
30 34
20 1
2 20
1 4
16 33
3 9
2 3
1 9
4 2
2 14
34 27
29 32
1 18
27 30
1 7
22 1
3 4
2 4
8 4
32 1
9 1
20 34
24 26
28 34
33 32
3 14
10 34
1 2
33 21
22 2
8 1
33 15
11 1
32 34
34 30
2 31
1 13
33 16
23 33
4 14
28 3
34 23
34 33
25 28
13 1
1 22
26 25
20 2
16 34
3 8
1 8
33 19
4 3
3 29
34 24
11 6
